
 Начало файла d:\buhgal\
 ((((        1       1       775     778        775  ))))
 ((((      763     779       776     792         14  ))))
 ((((      776     793       832     849         57  ))))
 ((((      834     850       951     967        118  ))))
 ((((      776     968       833    1025         58  ))))
 Начало файла fd2
 ((((        1       1       832    8689        832  ))))
===============================
 Начало файла d:\temp\08\01
 ((((        1       1        69      69         69  ))))
 ((((       71      71       171     171        101  ))))
 ((((      173     173       187     187         15  ))))
 ((((   100032     188    100033     189          2  ))))
 ((((   100035     191    100035     189          1  ))))
 ((((      188     192       455     459        268  ))))
 ((((   202398     460    202398     459          1  ))))
 ((((   100060     461    100063     464          4  ))))
 ((((      456     465       754     763        299  ))))
 ((((   100095     764    100101     770          7  ))))
 ((((      755     771      1009    1025        255  ))))
 Начало файла fd2
 ((((        1       1        69     257         69  ))))
 ((((       71     259       171     754        101  ))))
 ((((      173     779       187    1426         15  ))))
 ((((   100032    1427    100033    1454          2  ))))
 ((((   100035    1467    100035    1454          1  ))))
 ((((      188    1473       455    4078        268  ))))
 ((((   202398    4081    202398    4078          1  ))))
 ((((   100060    4115    100063    4133          4  ))))
 ((((      456    4136       754    6112        299  ))))
 ((((   100095    6114    100101    6155          7  ))))
 ((((      755    6157       762    6289          8  ))))
 ((((        0    6290         0    6289          1  ))))
 ((((   202675    6291    202863    7540        189  ))))
 ((((      952    7541      1009    8689         58  ))))
===============================
 Начало файла d:\temp\08\02
 ((((        1       1        69      69         69  ))))
 ((((       71      71       171     171        101  ))))
 ((((      173     173       187     187         15  ))))
 ((((   100032     188    100033     189          2  ))))
 ((((   100035     191    100035     189          1  ))))
 ((((      188     192       455     459        268  ))))
 ((((   202398     460    202398     459          1  ))))
 ((((   100060     461    100063     464          4  ))))
 ((((      456     465       754     763        299  ))))
 ((((   100095     764    100100     769          6  ))))
 Начало файла fd2
 ((((        1       1        69     257         69  ))))
 ((((       71     259       171     754        101  ))))
 ((((      173     779       187    1426         15  ))))
 ((((   100032    1427    100033    1454          2  ))))
 ((((   100035    1467    100035    1454          1  ))))
 ((((      188    1473       455    4078        268  ))))
 ((((   202398    4081    202398    4078          1  ))))
 ((((   100060    4115    100063    4133          4  ))))
 ((((      456    4136       754    6112        299  ))))
 ((((   100095    6114    100100    6151          6  ))))
===============================
 Начало файла d:\temp\08\03
 ((((        1       1        69      69         69  ))))
 ((((       71      71       171     171        101  ))))
 ((((      173     173       187     187         15  ))))
 ((((   100032     188    100033     189          2  ))))
 ((((   100035     191    100035     189          1  ))))
 ((((      188     192       455     459        268  ))))
 ((((   202398     460    202398     459          1  ))))
 ((((   100060     461    100063     464          4  ))))
 ((((      456     465       754     763        299  ))))
 ((((   100095     764    100101     770          7  ))))
 Начало файла fd2
 ((((        1       1        69     257         69  ))))
 ((((       71     259       171     754        101  ))))
 ((((      173     779       187    1426         15  ))))
 ((((   100032    1427    100033    1454          2  ))))
 ((((   100035    1467    100035    1454          1  ))))
 ((((      188    1473       455    4078        268  ))))
 ((((   202398    4081    202398    4078          1  ))))
 ((((   100060    4115    100063    4133          4  ))))
 ((((      456    4136       754    6112        299  ))))
 ((((   100095    6114    100101    6155          7  ))))
===============================