
 Начало файла d:\buhgal\
 ((((  First_vnum,first_recno,last_vnum,last_recno, count
 ((((        1       1      6933   10886       6934  ))))
 ((((     6935   10888      6941   10894          7  ))))
 Начало файла fp2
 ((((        1       1       163    6460        163  ))))
 ((((       30    6461        30    6462          1  ))))
 ((((      164    6463       544    7332        381  ))))
 ((((       38    7333        38    7333          1  ))))
 ((((      544    7334       544    7344          1  ))))
 ((((       67    7345        67    7345          1  ))))
 ((((      544    7346       545    7352          2  ))))
 ((((       48    7353        48    7353          1  ))))
 ((((      545    7354       545    7354          1  ))))
 ((((       49    7355        49    7355          1  ))))
 ((((      545    7356       545    7357          1  ))))
 ((((       50    7358        50    7358          1  ))))
 ((((      545    7359       545    7360          1  ))))
 ((((       51    7361        51    7361          1  ))))
 ((((      545    7362       545    7363          1  ))))
 ((((       53    7364        53    7364          1  ))))
 ((((      545    7365       545    7366          1  ))))
 ((((       55    7367        55    7367          1  ))))
 ((((      545    7368       545    7384          1  ))))
 ((((      544    7385       544    7388          1  ))))
 ((((      204    7389       204    7389          1  ))))
 ((((      546    7390       546    7390          1  ))))
 ((((      545    7391       545    7391          1  ))))
 ((((      198    7392       198    7393          1  ))))
 ((((      547    7394       547    7394          1  ))))
 ((((      476    7395       476    7395          1  ))))
 ((((      478    7396       478    7396          1  ))))
 ((((       53    7397        53    7397          1  ))))
 ((((      548    7398       549    7434          2  ))))
 ((((      548    7436       549    7439          2  ))))
 ((((      548    7440       548    7444          1  ))))
 ((((      544    7445       544    7451          1  ))))
 ((((      550    7452       790   12230        241  ))))
 ((((      592   12928       592   12930          1  ))))
 ((((      628   12931       633   12936          6  ))))
 ((((      791   12937      1227   14491        437  ))))
 ((((     1186   14493      1186   14494          1  ))))
 ((((      589   14498       589   14499          1  ))))
 ((((       25   14500        25   14500          1  ))))
 ((((     1228   14501      1229   14513          2  ))))
 ((((     1144   14514      1144   14518          1  ))))
 ((((     1230   14520      1236   15225          7  ))))
 ((((      591   15226       591   15227          1  ))))
 ((((     1237   15228      1242   15249          6  ))))
 ((((     1177   15252      1177   15252          1  ))))
 ((((     1242   15253      1304   17368         63  ))))
 ((((       34   17369        34   17370          1  ))))
 ((((      335   17371       335   17371          1  ))))
 ((((      550   17372       550   17372          1  ))))
 ((((     1305   23142      1529   26069        225  ))))
 ((((     1337   26070      1337   26070          1  ))))
 ((((     1308   26071      1308   26072          1  ))))
 ((((     1530   26076      1537   29112          8  ))))
 ((((     1536   29113      1537   29121          2  ))))
 ((((       10   29122        10   29122          1  ))))
 ((((     1538   29123      2045   30976        508  ))))
 ((((     1567   30977      1567   30978          1  ))))
 ((((     2046   30979      2047   30983          2  ))))
 ((((     1536   30984      1536   30984          1  ))))
 ((((     2048   30985      2050   31036          3  ))))
 ((((     1313   31037      1313   31037          1  ))))
 ((((     1348   31038      1348   31038          1  ))))
 ((((     1374   31039      1377   31042          4  ))))
 ((((     1312   31043      1312   31043          1  ))))
 ((((     2051   31044      2058   31068          8  ))))
 ((((     1048   31069      1048   31070          1  ))))
 ((((     2059   31071      2060   31083          2  ))))
 ((((     1701   31084      1701   31084          1  ))))
 ((((     2061   31085      2079   31134         19  ))))
 ((((        1   31135         1   31136          1  ))))
 ((((     2079   31137      2081   32106          3  ))))
 ((((     1744   32107      1744   32107          1  ))))
 ((((     1909   32108      1909   32108          1  ))))
 ((((     1921   32109      1921   32109          1  ))))
 ((((     2047   32110      2047   32110          1  ))))
 ((((     2082   33078      2082   33079          1  ))))
 ((((     1267   33080      1267   33080          1  ))))
 ((((     2083   33081      2085   33102          3  ))))
 ((((     1940   33103      1940   33103          1  ))))
 ((((     1951   33104      1951   33104          1  ))))
 ((((     2086   33105      2086   33106          1  ))))
 ((((     2085   33107      2089   35060          5  ))))
 ((((     2088   35061      2088   35063          1  ))))
 ((((     2090   35064      2095   35180          6  ))))
 ((((     2093   35181      2093   35193          1  ))))
 ((((     2096   35194      2193   36658         98  ))))
 ((((     2091   36659      2093   36665          3  ))))
 ((((     2098   36666      2098   36666          1  ))))
 ((((     2090   36667      2091   36668          2  ))))
 ((((      997   37701       997   37702          1  ))))
 ((((     2194   37704      2251   40794         58  ))))
 ((((     2103   40795      2103   40796          1  ))))
 ((((     2252   41843      2954   45342        703  ))))
 ((((     2104   45343      2105   45344          2  ))))
 ((((     2133   45345      2133   45345          1  ))))
 ((((     2164   45346      2164   45346          1  ))))
 ((((     2174   45347      2177   45350          4  ))))
 ((((     2883   45351      2883   45351          1  ))))
 ((((     2251   45353      2251   45359          1  ))))
 ((((     2634   45360      2634   45360          1  ))))
 ((((     2567   45361      2567   45361          1  ))))
 ((((     2955   45362      2955   45363          1  ))))
 ((((     1237   45364      1237   45364          1  ))))
 ((((     2094   45365      2094   45369          1  ))))
 ((((     2439   45370      2439   45370          1  ))))
 ((((     2956   45371      2957   45372          2  ))))
 ((((     2094   45373      2094   45373          1  ))))
 ((((     2958   47442      2959   47478          2  ))))
 ((((     2100   47479      2100   47480          1  ))))
 ((((     2636   47481      2636   47481          1  ))))
 ((((     2251   47482      2251   47482          1  ))))
 ((((     2960   47483      2960   47494          1  ))))
 ((((     2958   47495      2958   47546          1  ))))
 ((((     2961   47547      2961   47556          1  ))))
 ((((     2650   47557      2650   47557          1  ))))
 ((((     2962   47558      2970   47566          9  ))))
 ((((     2102   48597      2102   48597          1  ))))
 ((((     2971   48598      3031   49681         61  ))))
 ((((     3030   49682      3030   49682          1  ))))
 ((((     1540   49683      1540   49683          1  ))))
 ((((     3030   49684      3030   49684          1  ))))
 ((((     3032   50741      3108   53264         77  ))))
 ((((     3032   53265      3032   53265          1  ))))
 ((((     3109   53266      3324   54823        216  ))))
 ((((     3056   54835      3056   54835          1  ))))
 ((((     3066   54836      3066   54836          1  ))))
 ((((     3082   54837      3082   54837          1  ))))
 ((((     3084   54838      3086   54841          3  ))))
 ((((     3325   54842      3864   56218        540  ))))
 ((((     3613   56219      3614   56221          2  ))))
 ((((     3616   56222      3619   56225          4  ))))
 ((((     3615   56226      3615   56227          1  ))))
 ((((     3107   56228      3107   56232          1  ))))
 ((((     3865   56233      3866   56261          2  ))))
 ((((     3107   56262      3107   56263          1  ))))
 ((((     3867   56264      3869   56277          3  ))))
 ((((     3033   56280      3033   56280          1  ))))
 ((((     3584   56282      3584   56282          1  ))))
 ((((     3870   56284      3874   56429          5  ))))
 ((((     3626   57504      3626   57504          1  ))))
 ((((     3875   59627      3940   62867         66  ))))
 ((((     2522   62868      2522   62870          1  ))))
 ((((     3384   62871      3384   62875          1  ))))
 ((((     3060   62876      3060   62876          1  ))))
 ((((     3868   62877      3868   62885          1  ))))
 ((((     3032   62886      3032   62887          1  ))))
 ((((     2103   62888      2103   62893          1  ))))
 ((((     3426   62894      3426   62894          1  ))))
 ((((     3941   62895      4004   63418         64  ))))
 ((((     3941   63419      3941   63428          1  ))))
 ((((     3865   68862      3865   68873          1  ))))
 ((((     3402   68874      3402   68874          1  ))))
 ((((     3970   72267      3974   72271          5  ))))
 ((((     4005   72276      4007   72303          3  ))))
 ((((     2100   72311      2100   72311          1  ))))
 ((((     4008   72313      4012   72396          5  ))))
 ((((     3027   72398      3027   72399          1  ))))
 ((((     4012   72402      4013   72431          2  ))))
 ((((     4007   72432      4007   72435          1  ))))
 ((((     4014   72438      4014   72438          1  ))))
 ((((     3870   72440      3870   72441          1  ))))
 ((((     4015   72442      4242   79564        228  ))))
 ((((     4031   79565      4031   79565          1  ))))
 ((((     4035   79566      4035   79566          1  ))))
 ((((     4021   79567      4021   79567          1  ))))
 ((((     4059   79568      4059   79568          1  ))))
 ((((     4242   79569      4752   81109        511  ))))
 ((((     4448   81110      4448   81110          1  ))))
 ((((     4069   81111      4072   81114          4  ))))
 ((((     4606   81115      4606   81116          1  ))))
 ((((     4753   81117      4754   81167          2  ))))
 ((((     4753   81168      4754   81169          2  ))))
 ((((     4229   81170      4229   81170          1  ))))
 ((((     4755   81171      4755   81175          1  ))))
 ((((     4160   81176      4160   81176          1  ))))
 ((((     4242   81177      4242   81178          1  ))))
 ((((     4699   81179      4699   81179          1  ))))
 ((((     4756   81180      4819   82583         64  ))))
 ((((     4645   82584      4645   82584          1  ))))
 ((((     4820   82585      5664   94566        845  ))))
 ((((     4830   94577      4831   94579          2  ))))
 ((((     4837   94580      4837   94580          1  ))))
 ((((     4854   94581      4854   94581          1  ))))
 ((((     4867   94582      4867   94582          1  ))))
 ((((     4871   94584      4871   94584          1  ))))
 ((((     4876   94585      4877   94586          2  ))))
 ((((     4869   94587      4869   94587          1  ))))
 ((((     4872   94588      4875   94591          4  ))))
 ((((     5226   94592      5226   94593          1  ))))
 ((((     5228   94594      5228   94594          1  ))))
 ((((     5665   94595      5665   94596          1  ))))
 ((((     4755   94597      4755   94604          1  ))))
 ((((     4867   94605      4867   94605          1  ))))
 ((((     5104   94606      5104   94606          1  ))))
 ((((     5666   94607      5671   94652          6  ))))
 ((((     5670   94653      5670   94653          1  ))))
 ((((     5672   94654      6341   99860        670  ))))
 ((((     4242   99861      4242   99862          1  ))))
 ((((     4552   99863      4552   99863          1  ))))
 ((((     5351   99864      5351   99866          1  ))))
 ((((     6342   99867      6342   99885          1  ))))
 ((((     2958   99886      2958   99887          1  ))))
 ((((        1   99890         1   99890          1  ))))
 ((((     6343   99892      6435  100331         93  ))))
 ((((     6351  100332      6351  100333          1  ))))
 ((((     6436  100334      6928  102503        493  ))))
 ((((     6352  102504      6353  102505          2  ))))
 ((((     6361  102506      6362  102507          2  ))))
 ((((     6375  102508      6375  102508          1  ))))
 ((((     6381  102509      6382  102514          2  ))))
 ((((     6390  102515      6390  102515          1  ))))
 ((((     6393  102516      6393  102516          1  ))))
 ((((     6401  102517      6401  102517          1  ))))
 ((((     6406  102518      6406  102521          1  ))))
 ((((     6410  102522      6410  102526          1  ))))
 ((((     6351  102527      6351  102527          1  ))))
 ((((     6436  102528      6436  102530          1  ))))
 ((((     6804  102531      6804  102531          1  ))))
 ((((     6348  102532      6348  102532          1  ))))
 ((((     6350  102533      6350  102535          1  ))))
 ((((     6929  102536      6929  102537          1  ))))
 ((((     6809  102538      6809  102538          1  ))))
 ((((     6930  102539      6933  102655          4  ))))
 ((((     6350  102656      6350  102656          1  ))))
 ((((     6933  102657      6933  102658          1  ))))
 ((((     6350  102659      6350  102659          1  ))))
 ((((     6933  102660      6933  102660          1  ))))
 ((((     6350  102661      6350  102661          1  ))))
 ((((     6933  102662      6933  102662          1  ))))
 ((((     6350  102663      6350  102663          1  ))))
 ((((     6933  102664      6933  102664          1  ))))
 ((((     6350  102665      6350  102665          1  ))))
 ((((     6933  102666      6933  102666          1  ))))
 ((((     6350  102667      6350  102667          1  ))))
 ((((     6933  102668      6933  102668          1  ))))
 ((((     6350  102669      6350  102669          1  ))))
 ((((     6933  102670      6933  102672          1  ))))
 ((((     6350  102673      6350  102673          1  ))))
 ((((     6933  102674      6933  102674          1  ))))
 ((((     6350  102675      6350  102675          1  ))))
 ((((     6933  102676      6933  102691          1  ))))
 ((((     4764  102692      4764  102692          1  ))))
 ((((     6933  102694      6933  102694          1  ))))
 ((((     6935  102695      6937  102712          3  ))))
 ((((     6936  102713      6936  102789          1  ))))
 ((((     6345  102790      6345  102790          1  ))))
 ((((     6938  102791      6938  102800          1  ))))
 ((((     6936  102801      6936  102801          1  ))))
 ((((     6348  102802      6348  102803          1  ))))
 ((((     6022  102804      6022  102804          1  ))))
 ((((     6939  102805      6941  102811          3  ))))
===============================